25651
25652
17181
17707
43714
43815
08591
25182
25221
25715
25717
25718
25135
25155
25171
17733
17734
25310
25317
25318
25331
43550
43558
43559
43592
08673
43391
43792
25440
17466
25457
43430
43448
08735
43374
17183
17184
17185
43375
43490
17483
08340
08339
43380
08800
08410
08788
25133
08519
25735
25736
25738
25690
25748
25749
43439
25264
43311
43312
17469
17743
25551
17781
17474
17869
43141
25552
25553
43782
08455
17493
25330
17740
08720
17406
17468
17833
17464
08232
08840
17137
08613
43886
17180
17760
43480
43481
17485
25245
43814
25530
25537
25538
25539
17411
17515
08500
08505
43763
25340
17142
17137
17472
17473
17475
08289
08719
43700
43880
43890
43891
25717
25714
25795
25700
25719
25788
25798
25799
08188
43491
43800
43813
43144
08758
08759
17862
43427
08471
25617
25680
43439
08785
08699
17253
25268
25269
25570
25571
25572
25576
17813
17858
25526
25527
25528
17707
17176
17177
17178
17179
08233
17133
17538
43363
17114
08231
17140
17320
43500
43510
43517
43527
43590
43897
17853
43737
17130
17141
17257
17258
25170
17123
08629
08737
25138
08775
25141
25211
25110
25123
43830
25176
25131
43792
43774
08789
25510
25511
25512
25513
25515
25331
25164
08570
08396
08490
25750
25751
08551
43320
43746
43511
25791
25595
08390
08391
08916
08221
08222
08223
08224
08225
08226
08227
08228
17731
25670
08329
08511
08519
25211
25300
25350
25351
25352
25353
25354
25360
43001
43002
43003
43004
43005
43006
43007
43008
43100
43130
08552
17134
25213
25630
25640
08278
08260
08593
25174
25173
08739
25181
25560
25567
25568
25569
25566
25569
25593
08588
25280
43412
25163
08589
17469
08860
08870
08871
17536
17410
25480
25222
17474
08553
08554
17869
25700
25710
22583
22584
25620
25633
25634
25635
25636
25637
25640
25654
17133
25183
17852
25514
25555
08181
25617
43449
43560
43470
17489
43427
17465
17467
43154
43765
25175
17840
25555
43424
43425
43428
08398
08251
08130
17811
43710
08460
08517
08787
08584
08106
08273
08730
17771
08792
08710
08505
08187
08507
17240
17245
17246
43420
43429
08921
08922
08923
08924
17430
17443
17444
17445
08690
43570
08509
08620
08571
08394
08295
08253
08504
08770
25215
25216
08189
08192
08194
08580
08777
08281
08395
17470
08458
08572
08776
08810
08812
17467
17475
17864
17865
17830
17831
08263
08269
17462
08731
08282
25267
25343
25344
08712
17152
17153
17164
08515
08212
17732
08592
25282
08791
08960
08504
17164
17857
17481
17482
08970
08694
17464
17860
08250
43713
17463
17854
08607
08359
43877
43879
08512
25211
17403
25270
25271
17150
17151
17164
17199
08105
17174
17175
08272
17830
17850
08980
17220
17248
08274
08182
17451
08635
08461
25632
08172
08173
08174
08195
08196
08197
08198
08798
17751
08849
08470
08476
08396
08589
08503
08830
08459
17154
17454
08392
08740
08586
08930
25753
43885
17190
43840
17853
08697
08650
25693
08517
08201
08202
08203
08204
08205
08206
08207
08208
17131
08569
08719
08191
43142
25124
17480
43883
43426
08430
17469
43330
43390
17457
43771
17179
17420
17421
08291
25721
17500
17510
17863
25287
25290
43762
17404
17533
17534
25713
25714
25795
25796
25797
25213
25217
25271
43790
43450
25594
43886
43201
43202
43203
43204
43205
43206
08299
43513
17214
08256
43540
43548
17754
17755
43715
43816
17534
08606
17241
17242
08282
25318
25153
43812
25420
08797
08672
08692
17520
17529
25727
17178
08338
25316
08330
25263
25721
08281
08513
43320
43321
43595
08820
43364
43774
17497
17489
25134
43739
17773
25740
25746
25749
17834
17846
08738
43421
43428
08254
25514
25520
25526
25529
25552
25554
25555
25556
17706
25722
25723
43817
08213
43376
25500
25513
25516
43761
43783
43140
08787
08696
25471
25143
17535
17536
25211
25212
25218
17172
17173
08733
43810
43423
25287
43594
25286
08397
43428
43429
08784
43519
25790
43152
43155
17491
17492
08589
17120
25261
25333
25335
17494
17493
43413
43425
17133
43593
17534
08150
08754
17256
17843
08756
08510
08753
08780
43370
08184
43151
43520
43529
43812
17495
17476
17256
25243
17230
17124
17200
17210
17211
17212
08389
08796
25318
25610
25611
25612
25614
17161
17442
08787
08317
08573
25794
08518
17772
25412
25268
17800
17810
17812
08611
25214
08515
08516
08818
25280
25286
25287
25790
25318
25748
25749
08640
08795
17861
08734
08799
08711
25283
25790
43887
43763
17744
08698
08269
08670
08671
25341
08270
25539
25598
25599
25286
08278
08529
43760
43361
43379
43770
43740
08170
08469
25340
25217
25172
08160
43714
43718
43812
08612
08717
25315
25616
08390
43812
08585
25724
25725
08605
25711
25712
25714
25795
08110
43340
17855
17856
43400
43410
43414
43415
43459
17253
43300
43892
08275
43364
43459
17868
08199
08298
08691
08281
08100
08104
17752
08750
43747
43736
08180
25242
25230
43143
17539
25139
17830
08301
08302
08303
08304
08773
17452
08230
25211
25184
43736
08782
08783
43143
43382
43718
08320
17762
17763
08510
43878
08508
43514
08107
08760
43775
08560
43371
08522
08380
08199
08298
08240
08241
08242
08243
25266
25179
17720
17721
08514
17412
17453
17851
17462
17512
17513
17514
17532
17310
43711
43712
43737
25638
25639
17527
17730
25726
25281
25594
25595
25001
25002
25003
25004
25005
25006
25007
25008
25110
25111
25113
25191
25192
25193
25194
25195
25196
25197
25198
25199
25186
17490
17243
17240
17869
08120
25283
25288
25571
25576
25577
17745
08779
25240
25540
25430
25165
17462
25717
08719
17700
17708
17709
25216
17143
25260
25261
25122
17539
25650
25651
25653
25655
25656
25657
25658
08700
08712
17450
08901
08902
08903
08904
08905
08906
08907
08908
43596
08292
08294
08781
08503
25285
25210
25211
25588
25595
25596
25597
25341
17528
43777
08694
08474
17257
25217
43737
25218
25160
25185
08401
08402
08403
08183
25177
08792
25716
25241
17531
43516
08695
08680
17001
17002
17003
17004
17005
17006
17007
17461
25112
25114
43748
17539
08757
08790
25638
25639
08850
17780
17466
17476
17773
08530
43153
43749
43780
08146
43515
08672
25411
25332
08520
08521
43558
17469
17458
43425
17110
17111
17113
25737
17833
17257
17538
08736
08259
08519
25244
17132
17133
17463
08469
08479
08450
08495
43427
25413
43750
08186
08185
43811
43813
17463
43736
17484
17600
08590
08698
25794
43364
43781
25595
17469
43730
25571
08148
25719
25214
25215
25216
25271
25580
08511
08569
08614
25597
17832
17753
08950
17405
43440
17130
25410
43773
08318
08319
08292
43580
17538
17722
43881
25737
17116
17117
17118
17121
17244
43839
08880
17844
17845
43360
43362
17832
17120
17121
08940
25137
08757
43784
43120
43427
08289
25284
17144
25516
25517
25518
25693
43310
08178
25793
25794
08293
17496
25152
17741
25341
25460
17464
25290
08758
25200
25213
25214
25218
08193
08290
08698
25722
25723
08540
17165
17166
08769
17460
08732
43150
43764
43392
08183
08719
25334
17486
17487
25265
25136
08297
08251
08260
08255
17856
08283
08860
08729
08732
25154
08183
08755
08211
08296
25289
08618
08696
25631
25632
25633
25634
08604
17248
17249
17250
08680
08693
17244
43787
08787
08789
08261
08440
17750
08617
08786
43776
17708
43364
08811
08445
08420
43006
43100
43110
17199
17843
08360
25548
25549
17459
08472
17866
17867
17834
17530
17531
43850
17534
43894
25613
25615
25692
17251
17252
08281
08370
08262
08140
08393
08275
08506
43820
43882
17488
08348
08280
08349
43811
08718
25794
08794
17761
17746
17747
17441
25748
43373
08553
08559
17400
43812
25178
08294
43772
43785
25550
08619
17770
43350
17462
25400
43884
25551
17723
17539
17300
43411
17723
43372
25752
25753
17100
17115
43717
17850
17851
08415
08416
17162
17182
17850
43747
25132
25142
25144
08600
08611
25720
25721
25724
43719
43738
25250
25262
43421
25336
25337
17141
25220
25266
25177
17213
17255
08859
25549
43786
17468
17483
25289
25792
25747
25262
43422
17820
08210
08001
08002
08003
08004
08005
08006
08007
08008
08009
08010
08011
08012
08013
08014
08015
08016
08017
08018
08019
08020
08021
08022
08023
08024
08025
08026
08027
08028
08029
08030
08031
08032
08033
08034
08035
08036
08037
08038
08039
08040
08041
08042
08750
43711
08660
25600
08550
08695
25513
25590
25591
25592
08214
08911
08912
08913
08914
08915
08916
08917
08918
08734
08792
08793
08798
08610
08611
08279
17742
25611
25612
25151
43791
25730
25736
25737
25738
25739
25150
08271
25722
25551
08310
43597
17472
08717
43773
17853
08358
08350
17401
17402
17404
43365
43720
25140
25262
25320
43895
17160
43549
43870
43879
43860
17170
25110
43893
08480
25586
25587
25589
08587
17537
17538
43393
25737
25187
25126
25100
25109
25125
43813
25573
25574
25575
25130
43365
25161
25120
25121
43528
43591
08328
43381
43896
43460
43461
25660
25162
25180
25193
43716
43530
43569
17136
43479
25450
17166
17171
08630
25611
25691
25692
08256
08281
17455
17456
43512
